Average number of probes: 1.0
INSERT: 99, INDEX: 100
INSERT: 999, INDEX: 1000
INSERT: 1300, INDEX: 102
INSERT: 2501, INDEX: 106
SEARCH: 99, INDEX: 100
SEARCH: 999, INDEX: 1000
SEARCH: 1300, INDEX: 102
SEARCH: 2501, INDEX: 106
Average number of probes: 1.0049958
DELETE: 99, INDEX: 100
Failed to find 99
SEARCH: 1300, INDEX: 102
INSERT: 3702, INDEX: 100
Average number of probes: 1.0049958